TaskID	MapID	TaskInfo1	Num	MapType	TaskValue1	TaskValue2	TaskRate1	TaskRate2	TaskRate3	TaskRate4	TaskRate5	TaskRate6	TaskRate7	TaskRate8	TaskRate9	TaskRate10	TaskRate11	TaskRate12	TaskRate13	TaskRate14	TaskRate15	TaskRate16	TaskRate17	TaskRate18	TaskRate19	TaskRate20
7001	1	Ph­îng T­êng	5	1	0	500000	10000	0	0	0	0	0	0	0	0	0	0	0	0	0	0	0	0	0	0	0
7002	7	TÇn L¨ng	5	1	0	500000	10000	0	0	0	0	0	0	0	0	0	0	0	0	0	0	0	0	0	0	0
7003	11	Thµnh §«	5	1	0	500000	10000	0	0	0	0	0	0	0	0	0	0	0	0	0	0	0	0	0	0	0
7004	19	KiÕm C¸c T©y Nam	5	1	0	500000	10000	0	0	0	0	0	0	0	0	0	0	0	0	0	0	0	0	0	0	0
7005	20	Giang T©n Th«n	5	1	0	500000	10000	0	0	0	0	0	0	0	0	0	0	0	0	0	0	0	0	0	0	0
7006	37	BiÖn Kinh	5	1	0	500000	10000	0	0	0	0	0	0	0	0	0	0	0	0	0	0	0	0	0	0	0
7007	43	KiÕm C¸c Trung Nguyªn	5	1	0	500000	10000	0	0	0	0	0	0	0	0	0	0	0	0	0	0	0	0	0	0	0
7008	53	Ba L¨ng huyÖn	5	1	0	500000	10000	0	0	0	0	0	0	0	0	0	0	0	0	0	0	0	0	0	0	0
7009	70	Vò L¨ng s¬n	5	1	0	500000	10000	0	0	0	0	0	0	0	0	0	0	0	0	0	0	0	0	0	0	0
7010	71	B¹ch Thñy ®éng	5	1	0	500000	10000	0	0	0	0	0	0	0	0	0	0	0	0	0	0	0	0	0	0	0
7011	73	Phôc L­u ®éng	5	1	0	500000	10000	0	0	0	0	0	0	0	0	0	0	0	0	0	0	0	0	0	0	0
7012	78	T­¬ng D­¬ng	5	1	0	500000	10000	0	0	0	0	0	0	0	0	0	0	0	0	0	0	0	0	0	0	0
7013	80	D­¬ng Ch©u	5	1	0	500000	10000	0	0	0	0	0	0	0	0	0	0	0	0	0	0	0	0	0	0	0
7014	83	Háa Lang ®éng	5	1	0	500000	10000	0	0	0	0	0	0	0	0	0	0	0	0	0	0	0	0	0	0	0
7015	99	VÜnh L¹c trÊn	5	1	0	500000	10000	0	0	0	0	0	0	0	0	0	0	0	0	0	0	0	0	0	0	0
7016	100	Chu Tiªn trÊn	5	1	0	500000	10000	0	0	0	0	0	0	0	0	0	0	0	0	0	0	0	0	0	0	0
7017	101	§¹o H­¬ng th«n	5	1	0	500000	10000	0	0	0	0	0	0	0	0	0	0	0	0	0	0	0	0	0	0	0
7018	115	C¸i Bang	5	1	0	500000	10000	0	0	0	0	0	0	0	0	0	0	0	0	0	0	0	0	0	0	0
7019	121	Long M«n trÊn	5	1	0	500000	10000	0	0	0	0	0	0	0	0	0	0	0	0	0	0	0	0	0	0	0
7020	153	Th¹ch Cæ trÊn	5	1	0	500000	10000	0	0	0	0	0	0	0	0	0	0	0	0	0	0	0	0	0	0	0
7021	162	§¹i Lý	5	1	0	500000	10000	0	0	0	0	0	0	0	0	0	0	0	0	0	0	0	0	0	0	0
7022	174	Long TuyÒn th«n	5	1	0	500000	10000	0	0	0	0	0	0	0	0	0	0	0	0	0	0	0	0	0	0	0
7023	176	L©m An	5	1	0	500000	10000	0	0	0	0	0	0	0	0	0	0	0	0	0	0	0	0	0	0	0
7024	179	La Tiªu s¬n	5	1	0	500000	10000	0	0	0	0	0	0	0	0	0	0	0	0	0	0	0	0	0	0	0
7025	1	Ph­îng T­êng	5	1	0	800000	0	10000	0	0	0	0	0	0	0	0	0	0	0	0	0	0	0	0	0	0
7026	7	TÇn L¨ng	5	1	0	800000	0	10000	0	0	0	0	0	0	0	0	0	0	0	0	0	0	0	0	0	0
7027	11	Thµnh §«	5	1	0	800000	0	10000	0	0	0	0	0	0	0	0	0	0	0	0	0	0	0	0	0	0
7028	19	KiÕm C¸c T©y Nam	5	1	0	800000	0	10000	0	0	0	0	0	0	0	0	0	0	0	0	0	0	0	0	0	0
7029	20	Giang T©n Th«n	5	1	0	800000	0	10000	0	0	0	0	0	0	0	0	0	0	0	0	0	0	0	0	0	0
7030	37	BiÖn Kinh	5	1	0	800000	0	10000	0	0	0	0	0	0	0	0	0	0	0	0	0	0	0	0	0	0
7031	43	KiÕm C¸c Trung Nguyªn	5	1	0	800000	0	10000	0	0	0	0	0	0	0	0	0	0	0	0	0	0	0	0	0	0
7032	53	Ba L¨ng huyÖn	5	1	0	800000	0	10000	0	0	0	0	0	0	0	0	0	0	0	0	0	0	0	0	0	0
7033	70	Vò L¨ng s¬n	5	1	0	800000	0	10000	0	0	0	0	0	0	0	0	0	0	0	0	0	0	0	0	0	0
7034	71	B¹ch Thñy ®éng	5	1	0	800000	0	10000	0	0	0	0	0	0	0	0	0	0	0	0	0	0	0	0	0	0
7035	73	Phôc L­u ®éng	5	1	0	800000	0	10000	0	0	0	0	0	0	0	0	0	0	0	0	0	0	0	0	0	0
7036	78	T­¬ng D­¬ng	5	1	0	800000	0	10000	0	0	0	0	0	0	0	0	0	0	0	0	0	0	0	0	0	0
7037	80	D­¬ng Ch©u	5	1	0	800000	0	10000	0	0	0	0	0	0	0	0	0	0	0	0	0	0	0	0	0	0
7038	83	Háa Lang ®éng	5	1	0	800000	0	10000	0	0	0	0	0	0	0	0	0	0	0	0	0	0	0	0	0	0
7039	99	VÜnh L¹c trÊn	5	1	0	800000	0	10000	0	0	0	0	0	0	0	0	0	0	0	0	0	0	0	0	0	0
7040	100	Chu Tiªn trÊn	5	1	0	800000	0	10000	0	0	0	0	0	0	0	0	0	0	0	0	0	0	0	0	0	0
7041	101	§¹o H­¬ng th«n	5	1	0	800000	0	10000	0	0	0	0	0	0	0	0	0	0	0	0	0	0	0	0	0	0
7042	115	C¸i Bang	5	1	0	800000	0	10000	0	0	0	0	0	0	0	0	0	0	0	0	0	0	0	0	0	0
7043	121	Long M«n trÊn	5	1	0	800000	0	10000	0	0	0	0	0	0	0	0	0	0	0	0	0	0	0	0	0	0
7044	153	Th¹ch Cæ trÊn	5	1	0	800000	0	10000	0	0	0	0	0	0	0	0	0	0	0	0	0	0	0	0	0	0
7045	162	§¹i Lý	5	1	0	800000	0	10000	0	0	0	0	0	0	0	0	0	0	0	0	0	0	0	0	0	0
7046	174	Long TuyÒn th«n	5	1	0	800000	0	10000	0	0	0	0	0	0	0	0	0	0	0	0	0	0	0	0	0	0
7047	176	L©m An	5	1	0	800000	0	10000	0	0	0	0	0	0	0	0	0	0	0	0	0	0	0	0	0	0
7048	179	La Tiªu s¬n	5	1	0	800000	0	10000	0	0	0	0	0	0	0	0	0	0	0	0	0	0	0	0	0	0
7049	4	Kim Quang ®éng	8	1	0	1100000	0	0	10000	0	0	0	0	0	0	0	0	0	0	0	0	0	0	0	0	0
7050	5	Kinh Hoµng ®éng	8	1	0	1100000	0	0	10000	0	0	0	0	0	0	0	0	0	0	0	0	0	0	0	0	0
7051	6	Táa V©n ®éng	8	1	0	1100000	0	0	10000	0	0	0	0	0	0	0	0	0	0	0	0	0	0	0	0	0
7052	7	TÇn L¨ng	8	1	0	1100000	0	0	10000	0	0	0	0	0	0	0	0	0	0	0	0	0	0	0	0	0
7053	8	L¨ng TÇn Thñy Hoµng	8	1	0	1100000	0	0	10000	0	0	0	0	0	0	0	0	0	0	0	0	0	0	0	0	0
7054	19	KiÕm C¸c T©y Nam	8	1	0	1100000	0	0	10000	0	0	0	0	0	0	0	0	0	0	0	0	0	0	0	0	0
7055	21	Thanh Thµnh S¬n	8	1	0	1100000	0	0	10000	0	0	0	0	0	0	0	0	0	0	0	0	0	0	0	0	0
7056	22	B¹ch V©n ®éng	8	1	0	1100000	0	0	10000	0	0	0	0	0	0	0	0	0	0	0	0	0	0	0	0	0
7057	23	ThÇn Tiªn ®éng	8	1	0	1100000	0	0	10000	0	0	0	0	0	0	0	0	0	0	0	0	0	0	0	0	0
7058	41	Phôc Ng­u S¬n T©y	8	1	0	1100000	0	0	10000	0	0	0	0	0	0	0	0	0	0	0	0	0	0	0	0	0
7059	43	KiÕm C¸c Trung Nguyªn	8	1	0	1100000	0	0	10000	0	0	0	0	0	0	0	0	0	0	0	0	0	0	0	0	0
7060	70	Vò L¨ng s¬n	8	1	0	1100000	0	0	10000	0	0	0	0	0	0	0	0	0	0	0	0	0	0	0	0	0
7061	71	B¹ch Thñy ®éng	8	1	0	1100000	0	0	10000	0	0	0	0	0	0	0	0	0	0	0	0	0	0	0	0	0
7062	73	Phôc L­u ®éng	8	1	0	1100000	0	0	10000	0	0	0	0	0	0	0	0	0	0	0	0	0	0	0	0	0
7063	74	Miªu LÜnh	8	1	0	1100000	0	0	10000	0	0	0	0	0	0	0	0	0	0	0	0	0	0	0	0	0
7064	77	YÕn Tö ®éng	8	1	0	1100000	0	0	10000	0	0	0	0	0	0	0	0	0	0	0	0	0	0	0	0	0
7065	83	Háa Lang ®éng	8	1	0	1100000	0	0	10000	0	0	0	0	0	0	0	0	0	0	0	0	0	0	0	0	0
7066	90	Phôc Ng­u S¬n §«ng	8	1	0	1100000	0	0	10000	0	0	0	0	0	0	0	0	0	0	0	0	0	0	0	0	0
7067	91	Mª cung Kª Qu¸n ®éng	8	1	0	1100000	0	0	10000	0	0	0	0	0	0	0	0	0	0	0	0	0	0	0	0	0
7068	92	Thôc C­¬ng s¬n	8	1	0	1100000	0	0	10000	0	0	0	0	0	0	0	0	0	0	0	0	0	0	0	0	0
7069	115	C¸i Bang	8	1	0	1100000	0	0	10000	0	0	0	0	0	0	0	0	0	0	0	0	0	0	0	0	0
7070	122	Hoµng Hµ Nguyªn §Çu	8	1	0	1100000	0	0	10000	0	0	0	0	0	0	0	0	0	0	0	0	0	0	0	0	0
7071	135	KiÕn TÝnh Phong s¬n ®éng	8	1	0	1100000	0	0	10000	0	0	0	0	0	0	0	0	0	0	0	0	0	0	0	0	0
7072	136	Kho¸i Ho¹t L©m	8	1	0	1100000	0	0	10000	0	0	0	0	0	0	0	0	0	0	0	0	0	0	0	0	0
7073	141	D­îc V­¬ng ®éng tÇng 1	8	1	0	1100000	0	0	10000	0	0	0	0	0	0	0	0	0	0	0	0	0	0	0	0	0
7074	167	§iÓm Th­¬ng s¬n	8	1	0	1100000	0	0	10000	0	0	0	0	0	0	0	0	0	0	0	0	0	0	0	0	0
7075	168	Phông Nh·n ®éng	8	1	0	1100000	0	0	10000	0	0	0	0	0	0	0	0	0	0	0	0	0	0	0	0	0
7076	170	Thæ PhØ ®éng	8	1	0	1100000	0	0	10000	0	0	0	0	0	0	0	0	0	0	0	0	0	0	0	0	0
7077	171	§iÓm Th­¬ng ®éng tÇng 1	8	1	0	1100000	0	0	10000	0	0	0	0	0	0	0	0	0	0	0	0	0	0	0	0	0
7078	172	§iÓm Th­¬ng ®éng tÇng 2	8	1	0	1100000	0	0	10000	0	0	0	0	0	0	0	0	0	0	0	0	0	0	0	0	0
7079	173	§iÓm Th­¬ng ®éng tÇng 3	8	1	0	1100000	0	0	10000	0	0	0	0	0	0	0	0	0	0	0	0	0	0	0	0	0
7080	179	La Tiªu s¬n	8	1	0	1100000	0	0	10000	0	0	0	0	0	0	0	0	0	0	0	0	0	0	0	0	0
7081	180	Long Cung ®éng	8	1	0	1100000	0	0	10000	0	0	0	0	0	0	0	0	0	0	0	0	0	0	0	0	0
7082	193	Vò Di s¬n	8	1	0	1100000	0	0	10000	0	0	0	0	0	0	0	0	0	0	0	0	0	0	0	0	0
7083	4	Kim Quang ®éng	8	1	0	1400000	0	0	0	10000	0	0	0	0	0	0	0	0	0	0	0	0	0	0	0	0
7084	5	Kinh Hoµng ®éng	8	1	0	1400000	0	0	0	10000	0	0	0	0	0	0	0	0	0	0	0	0	0	0	0	0
7085	6	Táa V©n ®éng	8	1	0	1400000	0	0	0	10000	0	0	0	0	0	0	0	0	0	0	0	0	0	0	0	0
7086	7	TÇn L¨ng	8	1	0	1400000	0	0	0	10000	0	0	0	0	0	0	0	0	0	0	0	0	0	0	0	0
7087	8	L¨ng TÇn Thñy Hoµng	8	1	0	1400000	0	0	0	10000	0	0	0	0	0	0	0	0	0	0	0	0	0	0	0	0
7088	19	KiÕm C¸c T©y Nam	8	1	0	1400000	0	0	0	10000	0	0	0	0	0	0	0	0	0	0	0	0	0	0	0	0
7089	21	Thanh Thµnh S¬n	8	1	0	1400000	0	0	0	10000	0	0	0	0	0	0	0	0	0	0	0	0	0	0	0	0
7090	22	B¹ch V©n ®éng	8	1	0	1400000	0	0	0	10000	0	0	0	0	0	0	0	0	0	0	0	0	0	0	0	0
7091	23	ThÇn Tiªn ®éng	8	1	0	1400000	0	0	0	10000	0	0	0	0	0	0	0	0	0	0	0	0	0	0	0	0
7092	41	Phôc Ng­u S¬n T©y	8	1	0	1400000	0	0	0	10000	0	0	0	0	0	0	0	0	0	0	0	0	0	0	0	0
7093	43	KiÕm C¸c Trung Nguyªn	8	1	0	1400000	0	0	0	10000	0	0	0	0	0	0	0	0	0	0	0	0	0	0	0	0
7094	70	Vò L¨ng s¬n	8	1	0	1400000	0	0	0	10000	0	0	0	0	0	0	0	0	0	0	0	0	0	0	0	0
7095	71	B¹ch Thñy ®éng	8	1	0	1400000	0	0	0	10000	0	0	0	0	0	0	0	0	0	0	0	0	0	0	0	0
7096	73	Phôc L­u ®éng	8	1	0	1400000	0	0	0	10000	0	0	0	0	0	0	0	0	0	0	0	0	0	0	0	0
7097	74	Miªu LÜnh	8	1	0	1400000	0	0	0	10000	0	0	0	0	0	0	0	0	0	0	0	0	0	0	0	0
7098	77	YÕn Tö ®éng	8	1	0	1400000	0	0	0	10000	0	0	0	0	0	0	0	0	0	0	0	0	0	0	0	0
7099	83	Háa Lang ®éng	8	1	0	1400000	0	0	0	10000	0	0	0	0	0	0	0	0	0	0	0	0	0	0	0	0
7100	90	Phôc Ng­u S¬n §«ng	8	1	0	1400000	0	0	0	10000	0	0	0	0	0	0	0	0	0	0	0	0	0	0	0	0
7101	91	Mª cung Kª Qu¸n ®éng	8	1	0	1400000	0	0	0	10000	0	0	0	0	0	0	0	0	0	0	0	0	0	0	0	0
7102	92	Thôc C­¬ng s¬n	8	1	0	1400000	0	0	0	10000	0	0	0	0	0	0	0	0	0	0	0	0	0	0	0	0
7103	115	C¸i Bang	8	1	0	1400000	0	0	0	10000	0	0	0	0	0	0	0	0	0	0	0	0	0	0	0	0
7104	122	Hoµng Hµ Nguyªn §Çu	8	1	0	1400000	0	0	0	10000	0	0	0	0	0	0	0	0	0	0	0	0	0	0	0	0
7105	135	KiÕn TÝnh Phong s¬n ®éng	8	1	0	1400000	0	0	0	10000	0	0	0	0	0	0	0	0	0	0	0	0	0	0	0	0
7106	136	Kho¸i Ho¹t L©m	8	1	0	1400000	0	0	0	10000	0	0	0	0	0	0	0	0	0	0	0	0	0	0	0	0
7107	141	D­îc V­¬ng ®éng tÇng 1	8	1	0	1400000	0	0	0	10000	0	0	0	0	0	0	0	0	0	0	0	0	0	0	0	0
7108	167	§iÓm Th­¬ng s¬n	8	1	0	1400000	0	0	0	10000	0	0	0	0	0	0	0	0	0	0	0	0	0	0	0	0
7109	168	Phông Nh·n ®éng	8	1	0	1400000	0	0	0	10000	0	0	0	0	0	0	0	0	0	0	0	0	0	0	0	0
7110	170	Thæ PhØ ®éng	8	1	0	1400000	0	0	0	10000	0	0	0	0	0	0	0	0	0	0	0	0	0	0	0	0
7111	171	§iÓm Th­¬ng ®éng tÇng 1	8	1	0	1400000	0	0	0	10000	0	0	0	0	0	0	0	0	0	0	0	0	0	0	0	0
7112	172	§iÓm Th­¬ng ®éng tÇng 2	8	1	0	1400000	0	0	0	10000	0	0	0	0	0	0	0	0	0	0	0	0	0	0	0	0
7113	173	§iÓm Th­¬ng ®éng tÇng 3	8	1	0	1400000	0	0	0	10000	0	0	0	0	0	0	0	0	0	0	0	0	0	0	0	0
7114	179	La Tiªu s¬n	8	1	0	1400000	0	0	0	10000	0	0	0	0	0	0	0	0	0	0	0	0	0	0	0	0
7115	180	Long Cung ®éng	8	1	0	1400000	0	0	0	10000	0	0	0	0	0	0	0	0	0	0	0	0	0	0	0	0
7116	193	Vò Di s¬n	8	1	0	1400000	0	0	0	10000	0	0	0	0	0	0	0	0	0	0	0	0	0	0	0	0
7117	4	Kim Quang ®éng	8	1	0	1700000	0	0	0	0	10000	0	0	0	0	0	0	0	0	0	0	0	0	0	0	0
7118	5	Kinh Hoµng ®éng	8	1	0	1700000	0	0	0	0	10000	0	0	0	0	0	0	0	0	0	0	0	0	0	0	0
7119	6	Táa V©n ®éng	8	1	0	1700000	0	0	0	0	10000	0	0	0	0	0	0	0	0	0	0	0	0	0	0	0
7120	7	TÇn L¨ng	8	1	0	1700000	0	0	0	0	10000	0	0	0	0	0	0	0	0	0	0	0	0	0	0	0
7121	8	L¨ng TÇn Thñy Hoµng	8	1	0	1700000	0	0	0	0	10000	0	0	0	0	0	0	0	0	0	0	0	0	0	0	0
7122	19	KiÕm C¸c T©y Nam	8	1	0	1700000	0	0	0	0	10000	0	0	0	0	0	0	0	0	0	0	0	0	0	0	0
7123	21	Thanh Thµnh S¬n	8	1	0	1700000	0	0	0	0	10000	0	0	0	0	0	0	0	0	0	0	0	0	0	0	0
7124	22	B¹ch V©n ®éng	8	1	0	1700000	0	0	0	0	10000	0	0	0	0	0	0	0	0	0	0	0	0	0	0	0
7125	23	ThÇn Tiªn ®éng	8	1	0	1700000	0	0	0	0	10000	0	0	0	0	0	0	0	0	0	0	0	0	0	0	0
7126	41	Phôc Ng­u S¬n T©y	8	1	0	1700000	0	0	0	0	10000	0	0	0	0	0	0	0	0	0	0	0	0	0	0	0
7127	43	KiÕm C¸c Trung Nguyªn	8	1	0	1700000	0	0	0	0	10000	0	0	0	0	0	0	0	0	0	0	0	0	0	0	0
7128	70	Vò L¨ng s¬n	8	1	0	1700000	0	0	0	0	10000	0	0	0	0	0	0	0	0	0	0	0	0	0	0	0
7129	71	B¹ch Thñy ®éng	8	1	0	1700000	0	0	0	0	10000	0	0	0	0	0	0	0	0	0	0	0	0	0	0	0
7130	73	Phôc L­u ®éng	8	1	0	1700000	0	0	0	0	10000	0	0	0	0	0	0	0	0	0	0	0	0	0	0	0
7131	74	Miªu LÜnh	8	1	0	1700000	0	0	0	0	10000	0	0	0	0	0	0	0	0	0	0	0	0	0	0	0
7132	77	YÕn Tö ®éng	8	1	0	1700000	0	0	0	0	10000	0	0	0	0	0	0	0	0	0	0	0	0	0	0	0
7133	83	Háa Lang ®éng	8	1	0	1700000	0	0	0	0	10000	0	0	0	0	0	0	0	0	0	0	0	0	0	0	0
7134	90	Phôc Ng­u S¬n §«ng	8	1	0	1700000	0	0	0	0	10000	0	0	0	0	0	0	0	0	0	0	0	0	0	0	0
7135	91	Mª cung Kª Qu¸n ®éng	8	1	0	1700000	0	0	0	0	10000	0	0	0	0	0	0	0	0	0	0	0	0	0	0	0
7136	92	Thôc C­¬ng s¬n	8	1	0	1700000	0	0	0	0	10000	0	0	0	0	0	0	0	0	0	0	0	0	0	0	0
7137	115	C¸i Bang	8	1	0	1700000	0	0	0	0	10000	0	0	0	0	0	0	0	0	0	0	0	0	0	0	0
7138	122	Hoµng Hµ Nguyªn §Çu	8	1	0	1700000	0	0	0	0	10000	0	0	0	0	0	0	0	0	0	0	0	0	0	0	0
7139	135	KiÕn TÝnh Phong s¬n ®éng	8	1	0	1700000	0	0	0	0	10000	0	0	0	0	0	0	0	0	0	0	0	0	0	0	0
7140	136	Kho¸i Ho¹t L©m	8	1	0	1700000	0	0	0	0	10000	0	0	0	0	0	0	0	0	0	0	0	0	0	0	0
7141	141	D­îc V­¬ng ®éng tÇng 1	8	1	0	1700000	0	0	0	0	10000	0	0	0	0	0	0	0	0	0	0	0	0	0	0	0
7142	167	§iÓm Th­¬ng s¬n	8	1	0	1700000	0	0	0	0	10000	0	0	0	0	0	0	0	0	0	0	0	0	0	0	0
7143	168	Phông Nh·n ®éng	8	1	0	1700000	0	0	0	0	10000	0	0	0	0	0	0	0	0	0	0	0	0	0	0	0
7144	170	Thæ PhØ ®éng	8	1	0	1700000	0	0	0	0	10000	0	0	0	0	0	0	0	0	0	0	0	0	0	0	0
7145	171	§iÓm Th­¬ng ®éng tÇng 1	8	1	0	1700000	0	0	0	0	10000	0	0	0	0	0	0	0	0	0	0	0	0	0	0	0
7146	172	§iÓm Th­¬ng ®éng tÇng 2	8	1	0	1700000	0	0	0	0	10000	0	0	0	0	0	0	0	0	0	0	0	0	0	0	0
7147	173	§iÓm Th­¬ng ®éng tÇng 3	8	1	0	1700000	0	0	0	0	10000	0	0	0	0	0	0	0	0	0	0	0	0	0	0	0
7148	179	La Tiªu s¬n	8	1	0	1700000	0	0	0	0	10000	0	0	0	0	0	0	0	0	0	0	0	0	0	0	0
7149	180	Long Cung ®éng	8	1	0	1700000	0	0	0	0	10000	0	0	0	0	0	0	0	0	0	0	0	0	0	0	0
7150	193	Vò Di s¬n	8	1	0	1700000	0	0	0	0	10000	0	0	0	0	0	0	0	0	0	0	0	0	0	0	0
7151	9	Tr­êng Giang Nguyªn §Çu	10	1	0	2000000	0	0	0	0	0	10000	0	0	0	0	0	0	0	0	0	0	0	0	0	0
7152	24	H­ëng Thñy ®éng	10	1	0	2000000	0	0	0	0	0	10000	0	0	0	0	0	0	0	0	0	0	0	0	0	0
7153	38	TÇng  1 ThiÕt Th¸p mª cung	10	1	0	2000000	0	0	0	0	0	10000	0	0	0	0	0	0	0	0	0	0	0	0	0	0
7154	39	TÇng 2 ThiÕt Th¸p mª cung	10	1	0	2000000	0	0	0	0	0	10000	0	0	0	0	0	0	0	0	0	0	0	0	0	0
7155	40	TÇng  3 ThiÕt Th¸p mª cung	10	1	0	2000000	0	0	0	0	0	10000	0	0	0	0	0	0	0	0	0	0	0	0	0	0
7156	42	Thiªn T©m ®éng	10	1	0	2000000	0	0	0	0	0	10000	0	0	0	0	0	0	0	0	0	0	0	0	0	0
7157	55	§µo Hoa Nguyªn	10	1	0	2000000	0	0	0	0	0	10000	0	0	0	0	0	0	0	0	0	0	0	0	0	0
7158	56	Hoµnh S¬n Ph¸i	10	1	0	2000000	0	0	0	0	0	10000	0	0	0	0	0	0	0	0	0	0	0	0	0	0
7159	66	s¬n  ®éng d­íi ®¸y §éng §×nh Hå 	10	1	0	2000000	0	0	0	0	0	10000	0	0	0	0	0	0	0	0	0	0	0	0	0	0
7160	72	§¹i Tï ®éng	10	1	0	2000000	0	0	0	0	0	10000	0	0	0	0	0	0	0	0	0	0	0	0	0	0
7161	76	S¬n B¶o ®éng	10	1	0	2000000	0	0	0	0	0	10000	0	0	0	0	0	0	0	0	0	0	0	0	0	0
7162	79	MËt ®¹o Nha m«n T­¬ng D­¬ng	10	1	0	2000000	0	0	0	0	0	10000	0	0	0	0	0	0	0	0	0	0	0	0	0	0
7163	94	Linh Cèc ®éng	10	1	0	2000000	0	0	0	0	0	10000	0	0	0	0	0	0	0	0	0	0	0	0	0	0
7164	114	108 La H¸n trËn	10	1	0	2000000	0	0	0	0	0	10000	0	0	0	0	0	0	0	0	0	0	0	0	0	0
7165	116	T­êng V©n ®éng tÇng 1 	10	1	0	2000000	0	0	0	0	0	10000	0	0	0	0	0	0	0	0	0	0	0	0	0	0
7166	117	T­êng V©n ®éng tÇng 2	10	1	0	2000000	0	0	0	0	0	10000	0	0	0	0	0	0	0	0	0	0	0	0	0	0
7167	118	T­êng V©n ®éng tÇng 3	10	1	0	2000000	0	0	0	0	0	10000	0	0	0	0	0	0	0	0	0	0	0	0	0	0
7168	119	T­êng V©n ®éng tÇng 4	10	1	0	2000000	0	0	0	0	0	10000	0	0	0	0	0	0	0	0	0	0	0	0	0	0
7169	120	T­êng V©n ®éng tÇng 5	10	1	0	2000000	0	0	0	0	0	10000	0	0	0	0	0	0	0	0	0	0	0	0	0	0
7170	123	L·o Hæ ®éng	10	1	0	2000000	0	0	0	0	0	10000	0	0	0	0	0	0	0	0	0	0	0	0	0	0
7171	132	B¨ng HuyÖt ®éng	10	1	0	2000000	0	0	0	0	0	10000	0	0	0	0	0	0	0	0	0	0	0	0	0	0
7172	142	D­îc V­¬ng ®éng tÇng 2	10	1	0	2000000	0	0	0	0	0	10000	0	0	0	0	0	0	0	0	0	0	0	0	0	0
7173	163	¸c b¸ ®Þa ®¹o	10	1	0	2000000	0	0	0	0	0	10000	0	0	0	0	0	0	0	0	0	0	0	0	0	0
7174	164	Thiªn TÇm th¸p tÇng 1	10	1	0	2000000	0	0	0	0	0	10000	0	0	0	0	0	0	0	0	0	0	0	0	0	0
7175	165	Thiªn TÇm th¸p tÇng 2	10	1	0	2000000	0	0	0	0	0	10000	0	0	0	0	0	0	0	0	0	0	0	0	0	0
7176	166	Thiªn TÇm th¸p tÇng 3	10	1	0	2000000	0	0	0	0	0	10000	0	0	0	0	0	0	0	0	0	0	0	0	0	0
7177	169	Long Nh·n ®éng	10	1	0	2000000	0	0	0	0	0	10000	0	0	0	0	0	0	0	0	0	0	0	0	0	0
7178	182	NghiÖt Long ®éng	10	1	0	2000000	0	0	0	0	0	10000	0	0	0	0	0	0	0	0	0	0	0	0	0	0
7179	194	Ngäc Hoa ®éng	10	1	0	2000000	0	0	0	0	0	10000	0	0	0	0	0	0	0	0	0	0	0	0	0	0
7180	196	D­¬ng Gi¸c ®éng	10	1	0	2000000	0	0	0	0	0	10000	0	0	0	0	0	0	0	0	0	0	0	0	0	0
7181	206	TÇn L¨ng tÇng 2	10	1	0	2000000	0	0	0	0	0	10000	0	0	0	0	0	0	0	0	0	0	0	0	0	0
7182	319	L©m Du Quan	10	1	0	2000000	0	0	0	0	0	10000	0	0	0	0	0	0	0	0	0	0	0	0	0	0
7183	9	Tr­êng Giang Nguyªn §Çu	10	1	0	2300000	0	0	0	0	0	0	10000	0	0	0	0	0	0	0	0	0	0	0	0	0
7184	24	H­ëng Thñy ®éng	10	1	0	2300000	0	0	0	0	0	0	10000	0	0	0	0	0	0	0	0	0	0	0	0	0
7185	38	TÇng  1 ThiÕt Th¸p mª cung	10	1	0	2300000	0	0	0	0	0	0	10000	0	0	0	0	0	0	0	0	0	0	0	0	0
7186	39	TÇng 2 ThiÕt Th¸p mª cung	10	1	0	2300000	0	0	0	0	0	0	10000	0	0	0	0	0	0	0	0	0	0	0	0	0
7187	40	TÇng  3 ThiÕt Th¸p mª cung	10	1	0	2300000	0	0	0	0	0	0	10000	0	0	0	0	0	0	0	0	0	0	0	0	0
7188	42	Thiªn T©m ®éng	10	1	0	2300000	0	0	0	0	0	0	10000	0	0	0	0	0	0	0	0	0	0	0	0	0
7189	55	§µo Hoa Nguyªn	10	1	0	2300000	0	0	0	0	0	0	10000	0	0	0	0	0	0	0	0	0	0	0	0	0
7190	56	Hoµnh S¬n Ph¸i	10	1	0	2300000	0	0	0	0	0	0	10000	0	0	0	0	0	0	0	0	0	0	0	0	0
7191	66	s¬n  ®éng d­íi ®¸y §éng §×nh Hå 	10	1	0	2300000	0	0	0	0	0	0	10000	0	0	0	0	0	0	0	0	0	0	0	0	0
7192	72	§¹i Tï ®éng	10	1	0	2300000	0	0	0	0	0	0	10000	0	0	0	0	0	0	0	0	0	0	0	0	0
7193	76	S¬n B¶o ®éng	10	1	0	2300000	0	0	0	0	0	0	10000	0	0	0	0	0	0	0	0	0	0	0	0	0
7194	79	MËt ®¹o Nha m«n T­¬ng D­¬ng	10	1	0	2300000	0	0	0	0	0	0	10000	0	0	0	0	0	0	0	0	0	0	0	0	0
7195	94	Linh Cèc ®éng	10	1	0	2300000	0	0	0	0	0	0	10000	0	0	0	0	0	0	0	0	0	0	0	0	0
7196	114	108 La H¸n trËn	10	1	0	2300000	0	0	0	0	0	0	10000	0	0	0	0	0	0	0	0	0	0	0	0	0
7197	116	T­êng V©n ®éng tÇng 1 	10	1	0	2300000	0	0	0	0	0	0	10000	0	0	0	0	0	0	0	0	0	0	0	0	0
7198	117	T­êng V©n ®éng tÇng 2	10	1	0	2300000	0	0	0	0	0	0	10000	0	0	0	0	0	0	0	0	0	0	0	0	0
7199	118	T­êng V©n ®éng tÇng 3	10	1	0	2300000	0	0	0	0	0	0	10000	0	0	0	0	0	0	0	0	0	0	0	0	0
7200	119	T­êng V©n ®éng tÇng 4	10	1	0	2300000	0	0	0	0	0	0	10000	0	0	0	0	0	0	0	0	0	0	0	0	0
7201	120	T­êng V©n ®éng tÇng 5	10	1	0	2300000	0	0	0	0	0	0	10000	0	0	0	0	0	0	0	0	0	0	0	0	0
7202	123	L·o Hæ ®éng	10	1	0	2300000	0	0	0	0	0	0	10000	0	0	0	0	0	0	0	0	0	0	0	0	0
7203	132	B¨ng HuyÖt ®éng	10	1	0	2300000	0	0	0	0	0	0	10000	0	0	0	0	0	0	0	0	0	0	0	0	0
7204	142	D­îc V­¬ng ®éng tÇng 2	10	1	0	2300000	0	0	0	0	0	0	10000	0	0	0	0	0	0	0	0	0	0	0	0	0
7205	163	¸c b¸ ®Þa ®¹o	10	1	0	2300000	0	0	0	0	0	0	10000	0	0	0	0	0	0	0	0	0	0	0	0	0
7206	164	Thiªn TÇm th¸p tÇng 1	10	1	0	2300000	0	0	0	0	0	0	10000	0	0	0	0	0	0	0	0	0	0	0	0	0
7207	165	Thiªn TÇm th¸p tÇng 2	10	1	0	2300000	0	0	0	0	0	0	10000	0	0	0	0	0	0	0	0	0	0	0	0	0
7208	166	Thiªn TÇm th¸p tÇng 3	10	1	0	2300000	0	0	0	0	0	0	10000	0	0	0	0	0	0	0	0	0	0	0	0	0
7209	169	Long Nh·n ®éng	10	1	0	2300000	0	0	0	0	0	0	10000	0	0	0	0	0	0	0	0	0	0	0	0	0
7210	182	NghiÖt Long ®éng	10	1	0	2300000	0	0	0	0	0	0	10000	0	0	0	0	0	0	0	0	0	0	0	0	0
7211	194	Ngäc Hoa ®éng	10	1	0	2300000	0	0	0	0	0	0	10000	0	0	0	0	0	0	0	0	0	0	0	0	0
7212	196	D­¬ng Gi¸c ®éng	10	1	0	2300000	0	0	0	0	0	0	10000	0	0	0	0	0	0	0	0	0	0	0	0	0
7213	206	TÇn L¨ng tÇng 2	10	1	0	2300000	0	0	0	0	0	0	10000	0	0	0	0	0	0	0	0	0	0	0	0	0
7214	319	L©m Du Quan	10	1	0	2300000	0	0	0	0	0	0	10000	0	0	0	0	0	0	0	0	0	0	0	0	0
7215	9	Tr­êng Giang Nguyªn §Çu	12	1	0	2600000	0	0	0	0	0	0	0	10000	0	0	0	0	0	0	0	0	0	0	0	0
7216	24	H­ëng Thñy ®éng	12	1	0	2600000	0	0	0	0	0	0	0	10000	0	0	0	0	0	0	0	0	0	0	0	0
7217	38	TÇng  1 ThiÕt Th¸p mª cung	12	1	0	2600000	0	0	0	0	0	0	0	10000	0	0	0	0	0	0	0	0	0	0	0	0
7218	39	TÇng 2 ThiÕt Th¸p mª cung	12	1	0	2600000	0	0	0	0	0	0	0	10000	0	0	0	0	0	0	0	0	0	0	0	0
7219	40	TÇng  3 ThiÕt Th¸p mª cung	12	1	0	2600000	0	0	0	0	0	0	0	10000	0	0	0	0	0	0	0	0	0	0	0	0
7220	42	Thiªn T©m ®éng	12	1	0	2600000	0	0	0	0	0	0	0	10000	0	0	0	0	0	0	0	0	0	0	0	0
7221	55	§µo Hoa Nguyªn	12	1	0	2600000	0	0	0	0	0	0	0	10000	0	0	0	0	0	0	0	0	0	0	0	0
7222	56	Hoµnh S¬n Ph¸i	12	1	0	2600000	0	0	0	0	0	0	0	10000	0	0	0	0	0	0	0	0	0	0	0	0
7223	66	s¬n  ®éng d­íi ®¸y §éng §×nh Hå 	12	1	0	2600000	0	0	0	0	0	0	0	10000	0	0	0	0	0	0	0	0	0	0	0	0
7224	72	§¹i Tï ®éng	12	1	0	2600000	0	0	0	0	0	0	0	10000	0	0	0	0	0	0	0	0	0	0	0	0
7225	76	S¬n B¶o ®éng	12	1	0	2600000	0	0	0	0	0	0	0	10000	0	0	0	0	0	0	0	0	0	0	0	0
7226	79	MËt ®¹o Nha m«n T­¬ng D­¬ng	12	1	0	2600000	0	0	0	0	0	0	0	10000	0	0	0	0	0	0	0	0	0	0	0	0
7227	94	Linh Cèc ®éng	12	1	0	2600000	0	0	0	0	0	0	0	10000	0	0	0	0	0	0	0	0	0	0	0	0
7228	114	108 La H¸n trËn	12	1	0	2600000	0	0	0	0	0	0	0	10000	0	0	0	0	0	0	0	0	0	0	0	0
7229	116	T­êng V©n ®éng tÇng 1 	12	1	0	2600000	0	0	0	0	0	0	0	10000	0	0	0	0	0	0	0	0	0	0	0	0
7230	117	T­êng V©n ®éng tÇng 2	12	1	0	2600000	0	0	0	0	0	0	0	10000	0	0	0	0	0	0	0	0	0	0	0	0
7231	118	T­êng V©n ®éng tÇng 3	12	1	0	2600000	0	0	0	0	0	0	0	10000	0	0	0	0	0	0	0	0	0	0	0	0
7232	119	T­êng V©n ®éng tÇng 4	12	1	0	2600000	0	0	0	0	0	0	0	10000	0	0	0	0	0	0	0	0	0	0	0	0
7233	120	T­êng V©n ®éng tÇng 5	12	1	0	2600000	0	0	0	0	0	0	0	10000	0	0	0	0	0	0	0	0	0	0	0	0
7234	123	L·o Hæ ®éng	12	1	0	2600000	0	0	0	0	0	0	0	10000	0	0	0	0	0	0	0	0	0	0	0	0
7235	132	B¨ng HuyÖt ®éng	12	1	0	2600000	0	0	0	0	0	0	0	10000	0	0	0	0	0	0	0	0	0	0	0	0
7236	142	D­îc V­¬ng ®éng tÇng 2	12	1	0	2600000	0	0	0	0	0	0	0	10000	0	0	0	0	0	0	0	0	0	0	0	0
7237	163	¸c b¸ ®Þa ®¹o	12	1	0	2600000	0	0	0	0	0	0	0	10000	0	0	0	0	0	0	0	0	0	0	0	0
7238	164	Thiªn TÇm th¸p tÇng 1	12	1	0	2600000	0	0	0	0	0	0	0	10000	0	0	0	0	0	0	0	0	0	0	0	0
7239	165	Thiªn TÇm th¸p tÇng 2	12	1	0	2600000	0	0	0	0	0	0	0	10000	0	0	0	0	0	0	0	0	0	0	0	0
7240	166	Thiªn TÇm th¸p tÇng 3	12	1	0	2600000	0	0	0	0	0	0	0	10000	0	0	0	0	0	0	0	0	0	0	0	0
7241	169	Long Nh·n ®éng	12	1	0	2600000	0	0	0	0	0	0	0	10000	0	0	0	0	0	0	0	0	0	0	0	0
7242	182	NghiÖt Long ®éng	12	1	0	2600000	0	0	0	0	0	0	0	10000	0	0	0	0	0	0	0	0	0	0	0	0
7243	194	Ngäc Hoa ®éng	12	1	0	2600000	0	0	0	0	0	0	0	10000	0	0	0	0	0	0	0	0	0	0	0	0
7244	196	D­¬ng Gi¸c ®éng	12	1	0	2600000	0	0	0	0	0	0	0	10000	0	0	0	0	0	0	0	0	0	0	0	0
7245	206	TÇn L¨ng tÇng 2	12	1	0	2600000	0	0	0	0	0	0	0	10000	0	0	0	0	0	0	0	0	0	0	0	0
7246	319	L©m Du Quan	12	1	0	2600000	0	0	0	0	0	0	0	10000	0	0	0	0	0	0	0	0	0	0	0	0
7247	9	Tr­êng Giang Nguyªn §Çu	12	1	0	2900000	0	0	0	0	0	0	0	0	10000	0	0	0	0	0	0	0	0	0	0	0
7248	24	H­ëng Thñy ®éng	12	1	0	2900000	0	0	0	0	0	0	0	0	10000	0	0	0	0	0	0	0	0	0	0	0
7249	38	TÇng  1 ThiÕt Th¸p mª cung	12	1	0	2900000	0	0	0	0	0	0	0	0	10000	0	0	0	0	0	0	0	0	0	0	0
7250	39	TÇng 2 ThiÕt Th¸p mª cung	12	1	0	2900000	0	0	0	0	0	0	0	0	10000	0	0	0	0	0	0	0	0	0	0	0
7251	40	TÇng  3 ThiÕt Th¸p mª cung	12	1	0	2900000	0	0	0	0	0	0	0	0	10000	0	0	0	0	0	0	0	0	0	0	0
7252	42	Thiªn T©m ®éng	12	1	0	2900000	0	0	0	0	0	0	0	0	10000	0	0	0	0	0	0	0	0	0	0	0
7253	55	§µo Hoa Nguyªn	12	1	0	2900000	0	0	0	0	0	0	0	0	10000	0	0	0	0	0	0	0	0	0	0	0
7254	56	Hoµnh S¬n Ph¸i	12	1	0	2900000	0	0	0	0	0	0	0	0	10000	0	0	0	0	0	0	0	0	0	0	0
7255	66	s¬n  ®éng d­íi ®¸y §éng §×nh Hå 	12	1	0	2900000	0	0	0	0	0	0	0	0	10000	0	0	0	0	0	0	0	0	0	0	0
7256	72	§¹i Tï ®éng	12	1	0	2900000	0	0	0	0	0	0	0	0	10000	0	0	0	0	0	0	0	0	0	0	0
7257	76	S¬n B¶o ®éng	12	1	0	2900000	0	0	0	0	0	0	0	0	10000	0	0	0	0	0	0	0	0	0	0	0
7258	79	MËt ®¹o Nha m«n T­¬ng D­¬ng	12	1	0	2900000	0	0	0	0	0	0	0	0	10000	0	0	0	0	0	0	0	0	0	0	0
7259	94	Linh Cèc ®éng	12	1	0	2900000	0	0	0	0	0	0	0	0	10000	0	0	0	0	0	0	0	0	0	0	0
7260	114	108 La H¸n trËn	12	1	0	2900000	0	0	0	0	0	0	0	0	10000	0	0	0	0	0	0	0	0	0	0	0
7261	116	T­êng V©n ®éng tÇng 1 	12	1	0	2900000	0	0	0	0	0	0	0	0	10000	0	0	0	0	0	0	0	0	0	0	0
7262	117	T­êng V©n ®éng tÇng 2	12	1	0	2900000	0	0	0	0	0	0	0	0	10000	0	0	0	0	0	0	0	0	0	0	0
7263	118	T­êng V©n ®éng tÇng 3	12	1	0	2900000	0	0	0	0	0	0	0	0	10000	0	0	0	0	0	0	0	0	0	0	0
7264	119	T­êng V©n ®éng tÇng 4	12	1	0	2900000	0	0	0	0	0	0	0	0	10000	0	0	0	0	0	0	0	0	0	0	0
7265	120	T­êng V©n ®éng tÇng 5	12	1	0	2900000	0	0	0	0	0	0	0	0	10000	0	0	0	0	0	0	0	0	0	0	0
7266	123	L·o Hæ ®éng	12	1	0	2900000	0	0	0	0	0	0	0	0	10000	0	0	0	0	0	0	0	0	0	0	0
7267	132	B¨ng HuyÖt ®éng	12	1	0	2900000	0	0	0	0	0	0	0	0	10000	0	0	0	0	0	0	0	0	0	0	0
7268	142	D­îc V­¬ng ®éng tÇng 2	12	1	0	2900000	0	0	0	0	0	0	0	0	10000	0	0	0	0	0	0	0	0	0	0	0
7269	163	¸c b¸ ®Þa ®¹o	12	1	0	2900000	0	0	0	0	0	0	0	0	10000	0	0	0	0	0	0	0	0	0	0	0
7270	164	Thiªn TÇm th¸p tÇng 1	12	1	0	2900000	0	0	0	0	0	0	0	0	10000	0	0	0	0	0	0	0	0	0	0	0
7271	165	Thiªn TÇm th¸p tÇng 2	12	1	0	2900000	0	0	0	0	0	0	0	0	10000	0	0	0	0	0	0	0	0	0	0	0
7272	166	Thiªn TÇm th¸p tÇng 3	12	1	0	2900000	0	0	0	0	0	0	0	0	10000	0	0	0	0	0	0	0	0	0	0	0
7273	169	Long Nh·n ®éng	12	1	0	2900000	0	0	0	0	0	0	0	0	10000	0	0	0	0	0	0	0	0	0	0	0
7274	182	NghiÖt Long ®éng	12	1	0	2900000	0	0	0	0	0	0	0	0	10000	0	0	0	0	0	0	0	0	0	0	0
7275	194	Ngäc Hoa ®éng	12	1	0	2900000	0	0	0	0	0	0	0	0	10000	0	0	0	0	0	0	0	0	0	0	0
7276	196	D­¬ng Gi¸c ®éng	12	1	0	2900000	0	0	0	0	0	0	0	0	10000	0	0	0	0	0	0	0	0	0	0	0
7277	206	TÇn L¨ng tÇng 2	12	1	0	2900000	0	0	0	0	0	0	0	0	10000	0	0	0	0	0	0	0	0	0	0	0
7278	319	L©m Du Quan	12	1	0	2900000	0	0	0	0	0	0	0	0	10000	0	0	0	0	0	0	0	0	0	0	0
7279	9	Tr­êng Giang Nguyªn §Çu	12	1	0	3200000	0	0	0	0	0	0	0	0	0	10000	10000	10000	10000	10000	10000	10000	10000	10000	10000	10000
7280	10	Nh¹n Th¹ch ®éng	12	1	0	3200000	0	0	0	0	0	0	0	0	0	10000	10000	10000	10000	10000	10000	10000	10000	10000	10000	10000
7281	24	H­ëng Thñy ®éng	12	1	0	3200000	0	0	0	0	0	0	0	0	0	10000	10000	10000	10000	10000	10000	10000	10000	10000	10000	10000
7282	38	TÇng  1 ThiÕt Th¸p mª cung	12	1	0	3200000	0	0	0	0	0	0	0	0	0	10000	10000	10000	10000	10000	10000	10000	10000	10000	10000	10000
7283	39	TÇng 2 ThiÕt Th¸p mª cung	12	1	0	3200000	0	0	0	0	0	0	0	0	0	10000	10000	10000	10000	10000	10000	10000	10000	10000	10000	10000
7284	40	TÇng  3 ThiÕt Th¸p mª cung	12	1	0	3200000	0	0	0	0	0	0	0	0	0	10000	10000	10000	10000	10000	10000	10000	10000	10000	10000	10000
7285	42	Thiªn T©m ®éng	12	1	0	3200000	0	0	0	0	0	0	0	0	0	10000	10000	10000	10000	10000	10000	10000	10000	10000	10000	10000
7286	55	§µo Hoa Nguyªn	12	1	0	3200000	0	0	0	0	0	0	0	0	0	10000	10000	10000	10000	10000	10000	10000	10000	10000	10000	10000
7287	56	Hoµnh S¬n Ph¸i	12	1	0	3200000	0	0	0	0	0	0	0	0	0	10000	10000	10000	10000	10000	10000	10000	10000	10000	10000	10000
7288	66	s¬n  ®éng d­íi ®¸y §éng §×nh Hå 	12	1	0	3200000	0	0	0	0	0	0	0	0	0	10000	10000	10000	10000	10000	10000	10000	10000	10000	10000	10000
7289	72	§¹i Tï ®éng	12	1	0	3200000	0	0	0	0	0	0	0	0	0	10000	10000	10000	10000	10000	10000	10000	10000	10000	10000	10000
7290	75	Kho¶ Lang ®éng	12	1	0	3200000	0	0	0	0	0	0	0	0	0	10000	10000	10000	10000	10000	10000	10000	10000	10000	10000	10000
7291	76	S¬n B¶o ®éng	12	1	0	3200000	0	0	0	0	0	0	0	0	0	10000	10000	10000	10000	10000	10000	10000	10000	10000	10000	10000
7292	79	MËt ®¹o Nha m«n T­¬ng D­¬ng	12	1	0	3200000	0	0	0	0	0	0	0	0	0	10000	10000	10000	10000	10000	10000	10000	10000	10000	10000	10000
7293	93	TiÕn Cóc ®éng	12	1	0	3200000	0	0	0	0	0	0	0	0	0	10000	10000	10000	10000	10000	10000	10000	10000	10000	10000	10000
7294	94	Linh Cèc ®éng	12	1	0	3200000	0	0	0	0	0	0	0	0	0	10000	10000	10000	10000	10000	10000	10000	10000	10000	10000	10000
7295	114	108 La H¸n trËn	12	1	0	3200000	0	0	0	0	0	0	0	0	0	10000	10000	10000	10000	10000	10000	10000	10000	10000	10000	10000
7296	116	T­êng V©n ®éng tÇng 1 	12	1	0	3200000	0	0	0	0	0	0	0	0	0	10000	10000	10000	10000	10000	10000	10000	10000	10000	10000	10000
7297	117	T­êng V©n ®éng tÇng 2	12	1	0	3200000	0	0	0	0	0	0	0	0	0	10000	10000	10000	10000	10000	10000	10000	10000	10000	10000	10000
7298	118	T­êng V©n ®éng tÇng 3	12	1	0	3200000	0	0	0	0	0	0	0	0	0	10000	10000	10000	10000	10000	10000	10000	10000	10000	10000	10000
7299	119	T­êng V©n ®éng tÇng 4	12	1	0	3200000	0	0	0	0	0	0	0	0	0	10000	10000	10000	10000	10000	10000	10000	10000	10000	10000	10000
7300	120	T­êng V©n ®éng tÇng 5	12	1	0	3200000	0	0	0	0	0	0	0	0	0	10000	10000	10000	10000	10000	10000	10000	10000	10000	10000	10000
7301	123	L·o Hæ ®éng	12	1	0	3200000	0	0	0	0	0	0	0	0	0	10000	10000	10000	10000	10000	10000	10000	10000	10000	10000	10000
7302	124	C¸n Viªn ®éng	12	1	0	3200000	0	0	0	0	0	0	0	0	0	10000	10000	10000	10000	10000	10000	10000	10000	10000	10000	10000
7303	132	B¨ng HuyÖt ®éng	12	1	0	3200000	0	0	0	0	0	0	0	0	0	10000	10000	10000	10000	10000	10000	10000	10000	10000	10000	10000
7304	142	D­îc V­¬ng ®éng tÇng 2	12	1	0	3200000	0	0	0	0	0	0	0	0	0	10000	10000	10000	10000	10000	10000	10000	10000	10000	10000	10000
7305	143	D­îc V­¬ng ®éng tÇng 3	12	1	0	3200000	0	0	0	0	0	0	0	0	0	10000	10000	10000	10000	10000	10000	10000	10000	10000	10000	10000
7306	144	D­îc V­¬ng ®éng tÇng 4	12	1	0	3200000	0	0	0	0	0	0	0	0	0	10000	10000	10000	10000	10000	10000	10000	10000	10000	10000	10000
7307	163	¸c b¸ ®Þa ®¹o	12	1	0	3200000	0	0	0	0	0	0	0	0	0	10000	10000	10000	10000	10000	10000	10000	10000	10000	10000	10000
7308	164	Thiªn TÇm th¸p tÇng 1	12	1	0	3200000	0	0	0	0	0	0	0	0	0	10000	10000	10000	10000	10000	10000	10000	10000	10000	10000	10000
7309	165	Thiªn TÇm th¸p tÇng 2	12	1	0	3200000	0	0	0	0	0	0	0	0	0	10000	10000	10000	10000	10000	10000	10000	10000	10000	10000	10000
7310	166	Thiªn TÇm th¸p tÇng 3	12	1	0	3200000	0	0	0	0	0	0	0	0	0	10000	10000	10000	10000	10000	10000	10000	10000	10000	10000	10000
7311	169	Long Nh·n ®éng	12	1	0	3200000	0	0	0	0	0	0	0	0	0	10000	10000	10000	10000	10000	10000	10000	10000	10000	10000	10000
7312	181	L­ìng Thñy ®éng	12	1	0	3200000	0	0	0	0	0	0	0	0	0	10000	10000	10000	10000	10000	10000	10000	10000	10000	10000	10000
7313	182	NghiÖt Long ®éng	12	1	0	3200000	0	0	0	0	0	0	0	0	0	10000	10000	10000	10000	10000	10000	10000	10000	10000	10000	10000
7314	194	Ngäc Hoa ®éng	12	1	0	3200000	0	0	0	0	0	0	0	0	0	10000	10000	10000	10000	10000	10000	10000	10000	10000	10000	10000
7315	196	D­¬ng Gi¸c ®éng	12	1	0	3200000	0	0	0	0	0	0	0	0	0	10000	10000	10000	10000	10000	10000	10000	10000	10000	10000	10000
7316	198	Thanh khª ®éng	12	1	0	3200000	0	0	0	0	0	0	0	0	0	10000	10000	10000	10000	10000	10000	10000	10000	10000	10000	10000
7317	199	Vò L¨ng ®éng	12	1	0	3200000	0	0	0	0	0	0	0	0	0	10000	10000	10000	10000	10000	10000	10000	10000	10000	10000	10000
7318	200	Cæ D­¬ng ®éng	12	1	0	3200000	0	0	0	0	0	0	0	0	0	10000	10000	10000	10000	10000	10000	10000	10000	10000	10000	10000
7319	201	B¨ng Hµ ®éng	12	1	0	3200000	0	0	0	0	0	0	0	0	0	10000	10000	10000	10000	10000	10000	10000	10000	10000	10000	10000
7320	202	Phï Dung ®éng	12	1	0	3200000	0	0	0	0	0	0	0	0	0	10000	10000	10000	10000	10000	10000	10000	10000	10000	10000	10000
7321	203	V« Danh ®éng	12	1	0	3200000	0	0	0	0	0	0	0	0	0	10000	10000	10000	10000	10000	10000	10000	10000	10000	10000	10000
7322	204	Phi Thiªn ®éng	12	1	0	3200000	0	0	0	0	0	0	0	0	0	10000	10000	10000	10000	10000	10000	10000	10000	10000	10000	10000
7323	205	D­¬ng Trung ®éng	12	1	0	3200000	0	0	0	0	0	0	0	0	0	10000	10000	10000	10000	10000	10000	10000	10000	10000	10000	10000
7324	206	TÇn L¨ng tÇng 2	12	1	0	3200000	0	0	0	0	0	0	0	0	0	10000	10000	10000	10000	10000	10000	10000	10000	10000	10000	10000
7325	207	TÇn L¨ng tÇng 3	12	1	0	3200000	0	0	0	0	0	0	0	0	0	10000	10000	10000	10000	10000	10000	10000	10000	10000	10000	10000
7326	224	Sa m¹c ®Þa biÓu	12	1	0	3200000	0	0	0	0	0	0	0	0	0	10000	10000	10000	10000	10000	10000	10000	10000	10000	10000	10000
7327	225	Sa M¹c s¬n  ®éng 1	12	1	0	3200000	0	0	0	0	0	0	0	0	0	10000	10000	10000	10000	10000	10000	10000	10000	10000	10000	10000
7328	226	Sa M¹c s¬n  ®éng 2	12	1	0	3200000	0	0	0	0	0	0	0	0	0	10000	10000	10000	10000	10000	10000	10000	10000	10000	10000	10000
7329	227	Sa M¹c s¬n  ®éng 3	12	1	0	3200000	0	0	0	0	0	0	0	0	0	10000	10000	10000	10000	10000	10000	10000	10000	10000	10000	10000
7330	319	L©m Du Quan	12	1	0	3200000	0	0	0	0	0	0	0	0	0	10000	10000	10000	10000	10000	10000	10000	10000	10000	10000	10000
7331	320	Ch©n nói Tr­êng B¹ch	12	1	0	3200000	0	0	0	0	0	0	0	0	0	10000	10000	10000	10000	10000	10000	10000	10000	10000	10000	10000
7332	321	Tr­êng B¹ch s¬n Nam 	12	1	0	3200000	0	0	0	0	0	0	0	0	0	10000	10000	10000	10000	10000	10000	10000	10000	10000	10000	10000
7333	322	Tr­êng B¹ch s¬n B¾c	12	1	0	3200000	0	0	0	0	0	0	0	0	0	10000	10000	10000	10000	10000	10000	10000	10000	10000	10000	10000
